15 12 4140
1131.7086770863075 487.3670128446068 1171.7086770863075 527.3670128446068 0
709.1989501769851 550.922453340208 749.1989501769849 590.922453340208 0
974.9505776461945 431.3506627230827 1014.9505776461945 471.3506627230827 0
772.190451089713 384.3190751948995 832.190451089713 444.3190751948995 1
1058.2019213989258 464.4439704193938 1098.2019213989258 504.44397041939385 0
979.1137016792586 518.6330673781827 1039.1137016792588 578.6330673781827 1
995.6340653811251 447.8241805460048 1035.6340653811246 487.8241805460049 0
1069.5759787553989 594.538263829867 1109.5759787553989 634.5382638298667 0
1132.8011436840484 417.6086592981295 1172.8011436840484 457.6086592981294 0
730.6855195947712 508.13888162278795 770.6855195947712 548.138881622788 0
731.0708790883912 551.0199297564654 771.0708790883912 591.0199297564654 0
696.7398489725944 573.2034502393991 736.7398489725944 613.2034502393991 0
1023.5953570839853 518.7466849668435 1063.5953570839854 558.7466849668441 0
947.0834302939433 390.5491955719382 987.0834302939431 430.54919557193796 0
